1898.57
2467.89
1356.24
2189.33
3045.78
1790.45
2899.12
1678.91
2250.55
1987.34
2723.66
1567.78
2034.29
2856.43
2198.76
1467.89
2356.12
3123.45
1789.23
2645.67
1890.12
2987.34
1734.56
2456.78
1698.23
2212.45
2845.67
2089.34
2923.45
2067.89
2756.23
1612.34
2312.45
1956.78
2634.56
1823.45
2789.12
1890.23
2498.34
1334.56
2167.89
2945.67
1812.34
2576.89
1689.23
2190.12
3034.56
2123.45
2989.12
1867.89
2723.45
1589.12
2256.78
2845.67
1912.34
2678.91
1767.89
2312.34
3056.78
2245.67
2876.89
1978.23
2590.12
1823.45
2489.12
1334.56
2189.34
2956.78
1790.12
2656.78
1912.34
2534.56
1389.23
2090.12
2867.89
2145.67
2789.12
1678.91
2398.34
1223.45
2956.78
1634.56
2490.12
1367.89
2012.34
2723.45
2076.89
2812.34
1698.23
2345.67
1512.34
2198.34
3045.67
1767.89
2623.45
1889.12
2512.34
1423.45
2256.78
2934.56
1987.34
2678.91
1876.89
2412.34
1298.34
2056.78
2812.34
2156.78
2989.12
1845.67
2678.91
1723.45
2389.12
1498.34
2267.89
3034.56
2178.91
2956.78
1867.89
2612.34
1723.45
2390.12
3078.91
2223.45
2890.12
1978.23
2623.45
1790.12
2456.78
1612.34
2298.34
3012.34
2034.56
2856.78
2145.67
2767.89
1545.67
2289.12
3023.45
2090.12
2889.12
2012.34
2656.78
1590.12
2312.34
2967.89
2201.23
3045.67
1945.67
2590.12
1678.91
2323.45
3090.12
1876.89
2745.67
2034.56
2689.12
1556.78
2398.34
1278.91
1956.78
2698.34
2034.56
2712.34
1867.89
2556.78
1689.23
2434.56
1467.89
2189.34
2978.91
2112.34
2890.12
1934.56
2612.34
1756.78
2489.12
1523.45
2201.23
3056.78
2134.56
2798.34
1978.23
2634.56
1823.45
2490.12
1589.12
2367.89
3145.67
1934.56
2790.12
2012.34
2678.91
1590.12
2367.89
3123.45
2190.12
2956.78
2089.34
2856.78
1934.56
2590.12
1678.91
2334.56
3089.12
1876.89
2634.56
1789.12
2523.45
1412.34
2098.34
2876.89
2045.67
2734.56
1990.12
2667.89
1578.91
2356.78
3012.34
2101.23
2845.67
1776.89
2534.56
1689.23
2367.89
1523.45
2278.91
3045.67
2123.45
2989.12
1834.56
2590.12
1745.67
2489.12
1367.89
2076.89
2812.34
1934.56
2612.34
1956.78
2701.23
1567.89
2345.67
3001.23
2123.45
2967.89
2056.78
2823.45
1667.89
2434.56
1512.34
2190.12
2934.56
2012.34
2789.12
1812.34
2556.78
1467.89
2234.56
3089.12
2090.12
2867.89
1990.12
2678.91
1567.89
2345.67
3078.91
2156.78
2923.45
1978.23
2734.56
1823.45
2578.91
1434.56
2112.34
2890.12
2056.78
2823.45
1889.12
2634.56
1745.67
2412.34
1356.78
2098.34
2945.67
2045.67
2812.34
1856.78
2645.67
1478.91
2189.34
3034.56
2145.67
2912.34
1776.89
2523.45
1334.56
1978.23
2767.89
2034.56